1000
1002
1003
1004
1005
1006
1007
1008
1009
100
1010
1011
1012
1013
1014
1015
1016
1017
1018
1019
101
1020
1021
1022
1023
1024
1025
1027
1028
1029
102
1030
1031
1032
1033
1034
1035
1036
1037
1038
103
1040
1041
1042
1043
1044
1045
1046
1047
1049
104
1050
1051
1052
1053
1054
1055
1056
1057
1058
1059
105
1060
1061
1062
1063
1064
1065
1066
1067
1068
1069
106
1070
1071
1073
1075
1076
1077
1078
1079
107
1080
1081
1082
1083
1084
1085
1086
1087
1088
1089
108
1090
1091
1092
1093
1094
1095
1096
1097
1099
109
10
1100
1101
1102
1103
1104
1105
1106
1107
1109
110
1110
1111
1112
1113
1114
1115
1116
1117
1118
1119
111
1120
1121
1122
1123
1124
1125
1126
1127
1128
1129
112
1130
1131
1132
1133
1134
1135
1136
1137
1139
113
1140
1141
1142
1143
1144
1146
1147
1148
1149
114
1150
1151
1152
1153
1154
1155
1156
1157
1158
1159
1161
1162
1163
1164
1165
1166
1167
1168
1169
116
1170
1171
1172
1173
1174
1175
1176
1177
1178
1179
117
1180
1181
1183
1184
1185
1186
1187
1188
1189
118
1190
1191
1192
1193
1194
1196
1197
1198
1199
119
11
1200
1201
1202
1203
1204
1206
1207
1208
1209
120
1210
1211
1212
1213
1214
1215
1216
1217
1218
1219
121
1220
1221
1222
1223
1224
1225
1226
1227
1228
122
1230
1231
1232
1233
1234
1235
1236
1237
1238
123
1240
1241
1242
1243
1244
1245
1246
1247
1248
1249
124
1250
1251
1252
1253
1254
1255
1256
1257
1258
1259
125
1260
1261
1262
1263
1264
1265
1266
1267
1268
1269
126
1270
1271
1272
1273
1274
1275
1276
1277
1278
1279
127
1280
1281
1282
1283
1284
1285
1286
1287
1288
1289
128
1290
1291
1292
1293
1295
1296
1297
1298
1299
129
12
1300
1301
1302
1303
1304
1305
1306
1307
1308
1309
130
1310
1311
1312
1313
1314
1315
1316
1317
1318
1319
1320
1321
1322
1323
1324
1325
1326
1327
1328
1329
132
1330
1331
1332
1333
1334
1335
1336
1337
1339
133
1340
1341
1342
1343
1344
1345
1346
1347
1348
1349
134
1350
1351
1352
1353
1354
1355
1356
1357
1358
1359
135
1360
1361
1363
1364
1365
1366
1367
1368
136
1370
1371
1372
1373
1374
1375
1376
1377
1378
1379
137
1380
1381
1382
1383
1384
1385
1386
1387
1388
1389
138
1390
1391
1392
1393
1394
1395
1396
1397
1398
1399
139
13
1401
1404
1405
1406
1407
1408
1409
140
1410
1411
1412
1413
1414
1415
1416
1417
1419
141
1421
1422
1423
1425
1426
1427
1428
1429
142
1430
1431
1432
1433
1434
1436
1437
1438
1439
143
1440
1441
1442
1443
1444
1445
1446
1447
1448
1449
144
1450
1453
1454
1456
1457
1458
1459
145
1460
1461
1462
1463
1464
1465
1466
1467
1468
146
1470
1472
1473
1474
1475
1476
1477
1479
147
1480
1482
1483
1484
1485
1486
1487
1488
1489
148
1490
1493
1495
1496
1497
1498
1499
149
14
1500
1501
1502
1503
1504
1507
1508
1509
150
1510
1511
1513
1514
1515
1516
1517
1518
1519
151
1520
1522
1523
1524
1525
1526
1527
1528
1529
152
1531
1532
1533
1534
1535
1537
1538
1539
153
1541
1542
1543
1544
1545
1546
1547
1548
1549
154
1550
1551
1552
1553
1554
1555
1556
1558
1559
155
1561
1562
1563
1564
1565
1566
1567
1568
1569
156
1570
1571
1572
1573
1574
1575
1577
1579
157
1580
1581
1582
1583
1584
1585
1586
1587
1588
1589
158
1590
1591
1592
1593
1594
1595
1596
1597
1598
1599
159
15
1600
1601
1602
1603
1604
1605
1606
1608
1609
160
1610
1611
1612
1613
1614
1615
1616
1617
1619
161
1620
1621
1623
1624
1625
1626
1627
1628
1629
162
1631
1632
1633
1635
1636
1639
163
1640
1641
1642
1643
1644
1645
1646
1647
1648
1649
164
1650
1651
1652
1653
1654
1655
1656
1657
1658
1659
165
1660
1661
1662
1663
1664
1665
1666
1667
1668
1669
166
1670
1671
1672
1673
1674
1675
1676
1677
1678
1679
167
1680
1681
1682
1683
1684
1685
1686
1687
1688
1689
168
1690
1692
1693
1694
1695
1696
1697
1698
1699
169
16
1701
1702
1703
1704
1705
1706
1707
1708
1709
170
1710
1711
1713
1714
1715
1716
1717
1718
1719
171
1720
1721
1722
1723
1724
1725
1726
1727
1728
1729
172
1730
1731
1732
1733
1734
1735
1738
1739
173
1740
1742
1744
1746
1747
1748
1749
174
1750
1752
1753
1754
1755
1756
1757
1759
175
1760
1762
1764
1765
1767
1768
1769
176
1770
1771
1772
1773
1777
1779
177
1781
1782
1783
1784
1785
1788
1789
178
1791
1792
1793
1794
1795
1796
1797
1798
1799
179
17
1801
1804
1805
1806
1807
1809
180
1810
1811
1812
1814
1815
1816
1817
1819
181
1820
1821
1822
1824
1825
1826
1827
1829
182
1830
1831
1832
1833
1834
1835
1836
1837
1839
183
1840
1841
1842
1843
1844
1845
1846
1848
1849
184
1850
1851
1853
1854
1855
1856
1857
1858
1859
185
1860
1861
1862
1863
1864
1865
1866
1867
1869
186
1870
1871
1872
1873
1874
1875
1876
1877
1878
1879
187
1880
1881
1882
1883
1884
1885
1886
1887
1888
1889
188
1890
1891
1892
1893
1894
1895
1896
1897
1898
1899
189
18
1900
1901
1902
1903
1904
1905
1906
1907
1908
1909
190
1910
1911
1912
1913
1914
1915
1916
1917
1918
1919
191
1920
1921
1922
1923
1924
1925
1926
1927
1929
1930
1931
1932
1934
1935
1936
1937
1938
1939
193
1940
1941
1942
1943
1944
1945
1946
1947
1948
1949
194
1950
1951
1952
1953
1954
1955
1956
1957
1958
1959
195
1960
1961
1962
1963
1964
1965
1966
1967
1968
1969
196
1970
1971
1972
1973
1974
1975
1976
1977
1978
1979
197
1980
1981
1982
1983
1984
1985
1986
1987
1988
1989
198
1990
1991
1992
1993
1994
1995
1996
1997
1998
1999
199
19
1
2000
2001
2002
2003
2004
2005
2006
2007
2008
2009
200
2010
2011
2012
2013
2014
2015
2016
2017
2018
2019
201
2020
2021
2022
2023
2024
2025
2026
2027
2028
2029
202
2030
2031
2032
2033
2034
2035
2036
2037
2038
2039
203
2040
2041
2042
2043
2044
2045
2046
2047
2048
204
2050
2051
2052
2053
2054
2055
2056
2057
2058
2059
205
2060
2061
2062
2063
2064
2065
2066
2067
2068
2069
206
2070
2071
2072
2073
2074
2075
2076
2077
2078
2079
207
2080
2081
2082
2083
2084
2085
2086
2087
2088
2089
208
2090
2091
2092
2093
2094
2095
2096
2097
2098
2099
209
20
2100
2101
2102
2103
2104
2105
2106
2107
2108
2109
210
2110
2111
2112
2113
2114
2115
2116
2117
2118
2119
211
2120
2121
2122
2123
2124
2125
2126
2127
2128
2129
212
2130
2131
2132
2133
2134
2135
2136
2137
2138
2139
213
2140
2141
2142
2143
2144
2145
2146
2147
2148
2149
214
2150
2151
2152
2153
2154
2155
2156
2157
2158
2159
215
2160
2161
2162
2163
2164
2165
2166
2167
2168
2169
216
2170
2171
2172
2173
2174
2175
2176
2177
2178
2179
217
2180
2181
2182
2183
2184
2185
2186
2187
2188
2189
218
2190
2191
2192
2193
2194
2195
2196
2197
2198
2199
219
21
2200
2201
2202
2203
2204
2205
2206
2207
2208
2209
220
2210
2211
2212
2214
2215
2216
2217
2219
2220
2221
2222
2223
2225
2227
2228
2229
222
2230
2231
2232
2233
2234
2235
2236
2237
2238
2239
223
2240
2241
2242
2243
2244
2245
2246
2247
2248
2249
224
2250
2251
2252
2253
2254
2255
2256
2257
2258
2259
225
2260
2261
2262
2263
2264
2265
2266
2267
2268
2269
226
2270
2271
2272
2273
2275
2276
2277
2278
2279
227
2280
2282
2283
2284
2285
2286
2287
2288
2289
228
2290
2291
2292
2293
2294
2295
2296
2297
2298
2299
229
22
2300
2301
2302
2303
2304
2305
2306
2307
2308
2309
230
2310
2311
2312
2313
2314
2315
2316
2317
2318
2319
231
2320
2321
2322
2323
2324
2325
2326
2327
2328
2329
232
2330
2331
2332
2333
2334
2335
2336
2337
2338
2339
233
2340
2341
2342
2343
2344
2345
2346
2347
2348
2349
234
2350
2351
2352
2353
2354
2355
2356
2357
2358
2359
235
2360
2361
2362
2363
2364
2365
2366
2367
2368
2369
236
2370
2371
2372
2373
2374
2375
2376
2377
2378
2379
237
2380
2381
2382
2383
2384
2385
2386
2387
2388
2389
238
2390
2391
2392
2393
2394
2395
2396
2397
2398
2399
239
23
2400
2401
2402
2403
2404
2405
2406
2407
2408
2409
240
2410
2411
2412
2413
2414
2415
2416
2417
2418
2419
241
2420
2421
2422
2423
2424
2425
2426
2427
2428
2429
242
2430
2431
2432
2433
2434
2435
2436
2437
2438
2439
243
2440
2441
2442
2443
2444
2445
2446
2447
2448
2449
244
2450
2451
2452
2453
2454
2455
2456
2457
2458
2459
245
2460
2461
2462
2463
2464
2465
2466
2467
2468
2469
246
2470
2471
2472
2473
2474
2475
2476
2477
2478
2479
247
2480
2481
2482
2483
2484
2485
2486
2487
2488
2489
248
2490
2491
2492
2493
2494
2495
2496
2497
2498
2499
249
24
2500
2501
2502
2503
2504
2505
2506
2507
2508
2509
250
2510
2511
2512
2513
2514
2515
2516
2517
2518
2519
251
2520
2521
2522
2523
2524
2525
2526
2527
2528
2529
252
2530
2531
2532
2533
2534
2535
2536
2537
2538
2539
253
2540
2541
2542
2543
2544
2545
2546
2547
2548
2549
254
2550
2551
2552
2553
2554
2555
2556
2557
2558
2559
255
2560
2561
2562
2563
2564
2565
2566
2567
2568
2569
256
2570
2571
2572
25736
25737
2573
25744
25746
2574
25750
25752
25753
25755
25759
2575
25762
25763
25764
25766
2576
25771
25773
25774
25777
2577
25782
25783
25788
25789
2578
25793
25795
25797
25798
2579
257
25802
25805
25807
2580
2581
25825
25826
25827
2582
25832
25833
25835
25839
2583
25840
25841
2584
25850
25855
25856
2585
25865
25866
25868
2586
25870
25878
2587
25885
25886
25888
2588
25891
25893
25899
2589
258
25900
25903
25904
25905
25906
25908
2590
25914
25916
2591
25923
25924
25927
25929
2592
25930
25931
25934
25937
25938
2593
25940
25941
25942
25943
25945
25946
25947
2594
25951
25952
25954
2595
25960
25961
25962
25963
25964
2596
25971
25975
25977
2597
2598
25993
25995
25996
25999
2599
259
25
26002
26005
26007
2600
26012
2601
2602
26038
2603
26048
26049
2604
26052
26055
26059
2605
26064
26067
2606
26073
26079
2607
26082
26084
26085
2608
26096
2609
260
26101
26106
26107
2610
26110
26112
26113
26116
26117
26119
2611
26122
26123
26128
2612
26131
26133
26134
26136
26138
2613
26142
26144
26147
2614
26150
26151
26152
26155
26158
26159
2615
26163
2616
26170
26171
26172
26174
26178
2617
26181
26185
26187
26189
2618
26198
26199
2619
261
26203
26208
2620
26211
2621
26222
26226
26228
2622
26231
2623
26240
26241
26242
26246
26249
2624
26251
26258
2625
26265
26269
2626
26270
26271
26277
2627
26280
26283
26285
26289
2628
26294
2629
262
26301
26302
26303
26306
2630
26313
26318
2631
26323
26326
2632
26336
26339
2633
26345
26347
26349
2634
26350
2635
26360
26364
26366
2636
26371
26375
26379
2637
26386
26388
2638
26391
26393
26394
26398
2639
263
26404
2640
26414
2641
26422
26425
2642
26431
2643
2644
26462
26464
26465
2646
26472
26476
26479
2647
26483
26485
26487
26488
2648
26491
26492
26494
26495
26497
26498
2649
264
26504
26509
2650
26513
2651
26521
26524
26527
2652
2653
26544
26547
2654
26550
26554
26555
26558
2655
26561
26562
26564
26566
26567
2656
26577
26578
2657
26585
2658
26599
2659
265
26603
26606
2660
26612
26614
26616
2661
26629
2662
2663
26649
2664
2665
26662
26663
2666
26676
26677
2667
26680
26681
26682
26686
26688
2668
26693
26694
26695
26696
26698
26699
2669
266
26704
2670
26713
2671
26726
26729
2672
26734
2673
26743
26744
26745
26746
2674
26750
2675
2676
26770
26776
26778
2677
26782
26788
2678
26791
26792
26796
2679
267
2680
26810
26811
26812
26819
2681
26828
2682
26834
26838
2683
26840
26841
26842
2684
2685
26861
26865
26868
2686
26870
2687
2688
2689
268
26901
26903
2690
26915
2691
2692
26934
26939
2693
2694
26950
2695
26965
2696
26974
26976
2697
26982
26985
26989
2699
269
26
27005
2700
2701
27020
27022
2702
2703
2704
2705
2706
2707
2708
27095
2709
270
27109
2710
27114
2711
2712
2713
2714
2715
2716
2717
27186
2718
27193
2719
271
2720
2721
2722
2723
2724
27255
2725
27266
2726
27271
2727
2728
2729
272
2730
27316
27317
2731
2732
27338
2733
27340
2734
2735
27368
2736
27370
27376
2737
2738
27391
27397
2739
273
27402
27408
2740
27410
27416
2741
2742
27432
27434
27436
2743
2744
27450
27456
2745
2746
2747
2748
27491
2749
274
27509
2750
27513
2751
27523
27528
2752
27537
2753
27544
2754
27555
2755
27563
27564
2756
27573
2757
27584
27587
2758
27592
2759
275
27604
27608
2760
27611
27618
2761
27620
27627
2762
27636
2763
27644
27648
2764
2765
27660
2766
27674
27679
2767
27685
27689
2768
27695
2769
276
27700
27706
2770
27716
2771
27721
27722
27727
27728
2772
27731
27734
27735
27736
2773
27740
27741
27744
27746
2774
2775
27765
27768
2776
27772
27773
27776
27778
2777
27783
27788
2778
27790
27792
27797
2779
277
27801
27803
27808
2780
27812
27815
27816
2781
27820
27821
27822
27826
27828
2782
27830
27831
27833
27834
27837
27838
27839
2783
27841
27843
27846
2784
27850
27851
27857
2785
27864
27865
27866
27869
2786
27873
27874
27875
27876
27878
27879
2787
27882
27884
27888
2788
27899
2789
278
27904
27905
2790
27912
2791
2792
2793
2794
2795
2796
2797
2798
2799
279
27
2800
2801
2802
2803
2804
2805
2806
2807
2808
2809
280
2810
2811
2812
2813
2814
2815
2816
2817
2818
2819
281
2820
2821
2822
2823
2824
2825
2826
2827
2828
2829
282
2830
2831
2832
2833
2834
2835
2836
2838
2839
283
2840
2841
2842
2843
2844
2845
2846
2847
2848
2849
2850
2851
2852
2853
2854
2855
2856
2857
2858
2859
285
2860
2861
2862
2863
2864
2865
2866
2867
2868
2869
2870
2871
2872
2873
2874
2875
2876
2877
2878
2879
287
2880
2881
2882
2883
2884
2885
2886
2887
2888
2889
288
2890
2891
2892
2893
2894
2895
2896
2897
2898
2899
289
28
2900
2901
2902
2903
2904
2905
2906
2907
2908
2909
290
2910
2911
2912
2914
2915
2916
2917
2918
2919
291
2920
2921
2922
2923
2924
2925
2926
2927
2928
2929
292
2930
2931
2932
2933
2934
2935
2936
2937
2938
2939
293
2940
2941
2942
2943
2944
2945
2946
2947
2948
2949
294
2950
2951
2952
2953
2955
2956
2957
2958
2959
295
2960
2961
2962
2963
2964
2965
2966
2967
2968
2969
296
2970
2971
2972
2973
2974
2975
2976
2977
2978
2979
297
2981
2982
2983
2984
2985
2986
2987
2988
2989
298
2990
2991
2992
2993
2994
2995
2996
2997
2998
2999
299
29
2
3000
3001
3002
3003
3004
3005
3006
3007
3008
3009
300
3010
3011
3012
3013
3014
3015
3016
3017
3018
3019
301
3020
3021
3022
3023
3024
3025
3026
3027
3028
3029
302
3030
3031
3032
3033
3034
3035
3036
3037
3038
3039
303
3040
3041
3042
3043
3044
3045
3046
3048
3049
304
3050
3051
3052
3053
3054
3055
3056
3057
3058
3059
305
3060
3061
3062
3063
3064
30659
3065
3066
3067
3068
3069
306
30701
30707
3070
30712
3071
30721
3072
3073
30745
30747
30749
3074
3075
3076
3077
30783
3078
30793
3079
307
30803
30810
30812
30816
30818
3081
30820
30822
30825
3082
3083
30846
30848
3084
30850
3085
3086
3087
30883
3088
30890
30892
30894
30896
30898
3089
308
3090
3091
3092
3093
30942
30949
3094
30952
3095
3096
30970
30977
3097
30981
3098
30991
30994
30996
3099
309
30
31000
31004
3100
31011
3101
31026
3102
31030
31032
31035
31038
3103
31040
31042
31045
31047
31049
3104
31053
3105
31060
3106
31079
3107
31083
31086
3108
31090
3109
310
31101
31104
31107
31109
3110
31112
31114
31116
3111
31123
3112
3113
31148
3114
31150
31156
3115
31160
31162
3116
3117
31184
31188
3118
31193
3119
311
3120
3121
31221
31223
31225
3122
3123
31247
3124
31251
31255
3125
31260
31263
3126
31270
3127
3128
3129
312
31309
3130
3131
3132
3133
31347
31349
3134
31359
3135
31364
31367
3136
3137
3138
3139
313
31408
3140
31410
3141
31420
31422
31424
31427
31429
3142
31431
31433
31435
31437
3143
31445
31447
3144
3145
31467
3146
3147
31485
3148
31494
3149
314
3150
3151
31522
31528
3152
3153
31545
31547
3154
31553
31555
3155
3156
31577
3157
31584
31588
3158
31590
31594
31598
3159
315
31606
3160
31610
31613
31617
3161
31628
3162
3163
3164
31658
3165
31660
3166
3167
31680
31682
31685
31687
31689
3168
31692
31694
31696
31698
3169
316
31700
31702
31705
3170
3171
31724
3172
31737
3173
31742
31747
3174
31750
3175
3176
31770
3177
31785
3178
3179
317
31804
31807
3180
3181
3182
3183
3184
31854
3185
31867
3186
31878
3187
3188
3189
318
31900
31903
31909
3190
31923
3192
31930
31934
3193
3194
31950
31952
31956
3196
3197
3198
31998
3199
319
31
32002
32009
3200
32011
32013
32015
32017
32019
3201
32022
32025
32029
3202
32031
3203
32049
3204
32056
32058
3205
32060
32062
3206
32074
32076
32078
3207
32082
32084
32088
3208
32090
3209
320
32109
3210
32116
3211
32120
32122
32124
32128
3212
32139
3213
32141
32149
3214
32151
32153
32156
32158
3215
32160
32162
32166
3216
32170
32174
32179
3217
3218
3219
321
3220
32211
32213
3221
3222
32234
32239
3223
3224
3225
32261
3227
32285
32289
32291
32294
32296
32298
3229
322
32300
32302
3230
32314
32316
32318
3231
32325
32329
3232
32333
32335
3233
32342
32345
32347
32349
3234
32352
3235
32361
32369
3236
32371
32375
3237
32381
32383
32385
32387
32389
3238
32392
32395
3239
3240
3241
3242
3243
32444
3244
32456
3245
3246
3247
3248
3249
324
3250
3251
32525
3252
3253
3254
3255
3256
3257
32582
32584
32587
32589
3258
32591
32593
32596
32598
3259
325
32600
32602
32605
3260
32617
3261
32620
32625
32627
3262
32632
3263
32646
32649
3264
32657
3265
32666
32668
3266
32674
32677
3267
3268
3269
326
3270
3271
32721
3272
3273
32743
3274
3275
3276
32770
3277
32781
3278
3279
327
3280
3281
32825
3282
3283
3284
32853
3285
32862
3286
32875
3287
32882
3288
3289
328
3291
3292
3293
3294
32954
3295
32966
3296
32988
3298
32999
3299
329
32
33004
33008
3300
3301
3302
33036
3303
3304
3305
3306
33072
3307
33085
3308
3309
330
3310
33113
3311
33124
33126
3312
33132
33134
33136
33138
3313
33140
33142
33145
33148
3314
33150
33152
33154
33158
3315
33160
33162
33164
33166
33168
3316
33171
3317
33188
3318
33191
33193
3319
331
3320
3321
3322
33237
3323
3324
3325
33264
3326
3327
33288
3328
33296
3329
332
3330
3331
33321
3332
3333
33340
3334
33358
3335
3336
3337
3338
3339
333
3340
3341
33421
3342
33437
3343
3344
33451
33454
3345
3346
3347
3348
33493
33495
33499
3349
334
3350
3351
3352
33539
3354
33558
3355
3356
3357
33585
3358
33592
3359
335
33603
33608
3360
33615
3361
33621
33629
3362
33639
3363
33641
33644
33646
33649
3364
3365
33660
33669
33672
33675
33677
33679
3367
33681
33683
33685
33688
3368
336
3370
3371
33722
33725
3372
3373
3374
33750
3375
3376
3377
3378
33794
3379
337
3380
33815
33817
33819
3381
33821
33823
33826
3382
33830
33832
33834
33836
33838
3383
3384
3385
3386
3387
33880
3388
33896
3389
338
33903
33905
3390
3391
3392
3393
3394
3395
33966
3396
3397
3398
3399
339
34002
3400
34018
3401
3402
3403
34048
3404
3405
34063
34065
3406
34072
3407
3408
3409
340
3410
3411
34129
3412
3413
34143
34148
3414
34150
34153
34155
34158
3415
34162
34164
34170
34177
3417
34185
34189
3418
34193
34198
3419
341
3420
3421
3422
3423
3424
3425
3426
34271
3427
3428
34292
34299
3429
342
3430
34319
3431
34321
34323
34326
3432
34330
34332
34334
34336
34338
3433
3434
34353
34359
3435
3436
3437
3438
3439
343
34405
3440
3441
34437
3443
3444
3445
3446
34473
3447
34482
3448
34499
3449
344
3450
3451
34520
34523
34526
34528
3452
34530
34532
34534
34536
34538
3453
34540
34542
3454
3455
3456
34579
3457
34583
3458
3459
345
34608
3460
3461
3462
3463
34643
34645
34648
3464
3465
3466
3467
3468
3469
346
3470
3471
3472
3474
3475
34767
3476
3477
3478
3479
347
3480
3481
3483
3484
3485
3486
3487
3488
3489
348
3490
3491
3492
3493
3494
3495
3496
3497
3498
3499
349
34
3500
35015
3501
3502
3503
3504
3505
3506
3507
3508
3509
350
3510
3511
3512
3513
3514
3515
3516
3518
3519
351
3520
3521
3523
3524
3525
3526
3527
3528
3529
352
3530
3531
3533
3534
3535
3536
3537
3538
3539
353
3540
3541
3542
3543
3544
3545
3546
3547
3548
3549
354
3550
3551
3552
3553
3554
3555
3556
3557
3558
3559
355
3560
3561
3562
3563
3564
3565
3566
3567
3568
3569
356
3570
3571
3572
3573
3574
3575
3576
3577
3578
3579
357
3580
3581
3582
35836
3583
3584
3585
3586
3587
3588
3589
358
3590
3591
3592
3593
3594
35957
3595
3596
3597
3598
3599
359
35
3600
3601
3602
3603
3604
36056
3605
3606
3607
3608
3609
360
3610
3611
3612
3613
3614
36152
3615
3616
3617
3618
3619
361
3620
3621
3622
3623
3624
3625
3626
36276
3627
3628
3629
362
3630
3631
3632
3633
3634
3635
3636
3637
3638
36392
36397
3639
363
36401
3640
3641
3642
3643
3644
3646
36477
3647
3648
3649
364
36509
3650
36511
36513
36517
36519
3651
36523
36525
36527
36529
3652
36531
36533
36535
36537
36539
3653
36541
36545
3654
36553
3655
3656
3657
3658
3659
365
3660
3661
3662
3663
3664
3665
3666
3667
3668
3669
366
36708
3670
3671
3672
3673
3674
36752
3675
3676
3677
3678
3679
367
3680
3681
3682
3683
3684
3685
3686
3687
3688
3689
368
3690
3691
3692
3693
3694
3695
3696
3697
3698
3699
369
36
3700
3701
3702
3703
3704
3705
3706
3707
3708
3709
370
3710
3711
3712
3713
3714
3715
3716
3717
3718
3719
371
3720
37211
3721
3722
3723
37240
3724
3725
3726
3727
3728
3729
372
3730
3731
3732
37335
3733
3734
3735
3736
3737
37380
37382
37384
37386
3738
3739
373
3740
3741
3742
3743
3744
3745
3746
37475
37477
3747
3748
3749
374
3751
3752
3753
37545
3754
3755
3756
3757
3758
375
3760
3761
3762
3763
3764
3765
3766
3767
3768
3769
376
3770
3771
37720
37727
37729
3772
37731
37733
37736
37739
3773
37741
3774
3775
3776
3777
3778
3779
377
3780
3781
3782
37830
37837
3783
37844
37846
3784
37853
37855
37857
3785
3786
3787
3788
3789
378
3790
3791
3792
3793
3794
37955
37957
3795
3796
37976
3797
3798
3799
379
37
3800
3801
3802
38038
3804
3805
38061
3807
3808
38095
3809
380
3810
3811
3812
3813
3814
3816
3817
38188
3818
38198
3819
381
3820
3821
3822
3823
3824
3825
3826
3827
38294
3829
382
38304
3830
3831
38320
3832
3833
3834
3835
3836
3837
38388
3838
3839
383
3840
3841
38435
3843
3844
3845
3846
3847
3848
38499
3849
384
3850
3851
3852
3853
3854
3855
3856
3857
3858
3859
385
38600
3860
3861
3862
3863
3864
3865
3866
3867
3868
3869
386
38701
3870
3871
3872
3873
3874
3875
3876
3877
3878
38798
3879
387
3880
3881
38824
3882
3883
38843
3884
3885
3886
38886
3888
3889
388
3890
3891
3892
3893
3894
3895
3896
3897
3898
38992
38994
3899
389
38
3900
3901
3902
3903
3904
39052
3905
3906
3907
3908
3909
390
3910
3911
3912
3914
3915
3916
3917
39183
3918
3919
391
3920
3921
3922
39231
39234
3923
3924
3925
3926
3927
3928
39292
3929
392
39307
3930
3931
3932
3933
3934
39369
3936
3937
39381
3938
39390
39394
39398
3939
393
39400
39402
39408
3940
39410
39412
39414
39419
3941
39421
39425
39427
3942
39435
39439
3943
39441
39444
39446
39449
3944
3945
3946
39474
3947
3948
3949
394
3950
3951
3952
3953
3954
3955
3956
3957
3958
3959
3960
3961
3962
3963
3964
39659
3965
3966
3967
3968
3969
396
39703
3970
39715
3971
3972
3973
3974
3975
39768
3976
3977
3978
3979
397
3980
3981
3982
3983
3984
3985
39869
3986
3987
39886
3988
39896
3989
398
3990
3991
3992
3993
3994
3995
3996
3997
3998
3999
399
39
3
4000
40010
4001
4002
4003
4005
4006
4007
4008
4009
400
4010
4011
4012
4013
40148
4014
4015
4016
4017
4018
4019
401
4020
4021
4022
4023
4024
4025
4026
40278
4027
4028
4029
402
4030
4031
4032
40337
40339
4033
4034
4035
4036
4037
4038
4039
403
4040
40412
40414
4041
4042
4043
4044
4045
4046
4047
4048
40491
4049
4050
4051
4052
4053
4054
4055
4056
40574
4057
40581
40583
40586
4058
4059
405
4060
40614
4061
40629
4062
4063
4064
4065
4066
4067
4068
4069
406
4070
4071
40723
4072
40732
4073
4074
40752
4075
4076
4077
4078
4079
407
4080
40815
40817
40819
4081
40826
4082
40833
4083
4084
40851
4085
4086
40870
4087
40887
4088
4089
408
4090
4091
4092
4093
40946
4094
40952
40955
40959
4095
40962
40964
40966
40969
4096
40973
4097
40988
4098
4099
409
40
4100
41014
4101
41025
4102
4103
4104
4105
4106
4107
4108
4109
410
4110
4111
4112
41136
4113
4114
4115
4116
4117
4118
4119
4120
4121
4122
4123
4124
4125
4126
4127
41285
4128
4129
412
4130
4131
4132
41336
4133
4134
4135
4136
4137
4138
4139
413
4140
41411
4141
41425
4142
4143
4144
4145
4146
4147
4148
4149
414
4150
4151
41527
4152
4153
4154
4155
41564
41566
41569
4156
41571
41573
41575
4157
41585
4158
4159
415
4160
41617
4161
41627
4162
4163
4164
4165
4166
4167
4168
41699
4169
416
4170
41716
4171
41721
4172
4173
4174
4175
41769
4176
4177
4178
4179
417
4180
4181
4182
41831
4183
4184
4185
41863
4186
4187
4188
4189
418
4190
4191
4192
4193
4195
4196
4197
4198
41997
4199
419
41
42002
42004
42007
42009
4200
42011
42013
42015
42018
4201
42021
4202
4203
4204
42053
4205
4206
4207
4208
42094
4209
420
4210
4211
4212
4213
4214
4215
4216
4217
4218
42197
4219
421
4220
42213
42217
4221
4222
4223
4224
4225
4226
4227
4228
4229
422
4230
4231
4232
4233
4234
4235
4237
4238
4239
423
4240
42418
4241
4242
4243
4244
4245
4246
4247
4248
4249
424
4250
4251
4252
4253
4254
42556
4255
4256
4259
425
42602
4260
4261
4262
42632
42634
4263
4265
4266
4267
42681
4268
4269
426
4270
42718
4271
42721
42723
42725
42728
4272
42730
42732
42734
42736
42738
4273
42740
4274
4275
4276
4277
42783
4278
4279
427
4280
4281
4282
4283
4284
4285
4286
4287
4288
4289
428
42900
4290
4291
4292
4293
4294
4295
4296
4297
4298
4299
429
42
43007
4300
43011
4301
4302
4303
4304
4305
4306
4307
4308
4309
430
4310
4311
4312
4313
4314
4315
4316
4317
4318
4319
431
4320
4321
4322
4323
4324
4325
4326
4327
4328
4329
432
4331
4332
43333
4333
4334
4335
4336
43376
4337
4338
43391
43396
4339
433
4340
43419
4341
4342
4343
4344
4345
43460
4346
4347
4348
4349
434
4350
4351
4352
4353
4354
43556
43558
4355
43560
4356
4357
4358
4359
435
4361
4362
4363
4364
4365
4366
43679
4367
43684
4368
4369
436
43708
4370
43710
4371
4372
4373
43744
4374
4375
4376
4377
4378
4379
437
4380
4381
4382
43836
4383
4384
43853
4385
43869
4386
43871
4387
4388
43899
4389
438
43904
43906
43908
4390
43910
43912
43914
43917
43919
4391
43921
43923
43926
43928
4392
43930
43932
43934
43936
4393
4394
4395
4396
4397
43987
4398
4399
439
43
44004
4400
4401
44022
4402
4403
4404
44058
4405
4406
44073
4407
4408
4409
440
4410
4411
4412
4413
4414
4415
44161
44168
4416
4417
44189
4418
44191
44193
44195
44197
44199
4419
441
44204
4420
4421
44225
4422
44238
4423
4424
4425
4426
4427
4428
4429
442
44301
4430
4431
4432
4433
4434
4435
4436
4437
4438
44397
44399
4439
443
4440
4441
4442
4443
4444
4445
4446
4447
4448
44494
4449
444
4450
44511
4451
4452
4453
4454
44555
4455
4456
4457
44587
4458
44595
4459
445
4460
44613
4461
4462
44633
4463
4464
44653
44657
4465
44665
4466
4467
44694
4469
446
44709
4470
4471
44729
4472
44731
4473
4474
44759
4475
44761
4476
44777
4477
44788
4478
4479
447
4480
44815
4481
44828
4482
4483
44840
44844
44849
4484
4485
44864
4486
4487
44889
4488
4489
448
4490
44911
4491
44929
4492
44937
4493
44949
4494
4495
4496
44972
44974
44978
4497
4498
4499
449
44
4500
4501
45028
4502
4503
4504
4505
45062
4506
45074
4507
45081
4508
4509
450
45106
4510
4511
4513
4514
4515
4516
45175
4517
45183
45186
4518
4519
451
45208
4520
45210
4521
45221
4522
4523
4524
4525
4526
4527
4528
4529
452
4530
4531
4532
45335
4533
4534
4535
45361
4537
45382
4538
4539
453
4540
45412
4541
4542
45431
4543
45440
45442
45447
4544
4545
4546
4547
4548
45499
454
45501
45503
4550
45517
45525
4552
4553
4554
4555
4556
4557
4558
4559
455
4560
45611
4561
4562
45635
4563
4564
45658
4565
45662
45664
45666
45668
4566
45672
45679
4567
4568
4569
456
45707
4570
4571
45720
45722
45726
45728
4572
45730
45732
4573
4574
4575
4576
4577
4578
4579
457
4580
4581
4582
4583
4584
45852
4585
4586
4587
45880
4588
4589
458
4590
4591
45928
4592
4593
4594
45950
4595
4596
4597
45981
4598
4599
459
45
4600
4601
4602
46034
4603
4604
4605
46062
4606
4607
4608
4609
460
4610
4611
4612
4613
4614
4615
4616
4617
4618
46194
4619
461
4620
4621
4622
46231
4623
4624
46258
4625
4626
4627
4628
4629
462
4630
4631
46322
4632
46335
46337
4633
46347
4634
4635
4636
4637
4638
4639
463
4640
4641
4642
46430
4643
4644
4645
4646
4647
4648
4649
464
4650
4651
4652
46530
4653
4654
46559
4655
4656
46572
46574
46578
4657
46581
4658
4659
465
4660
4661
4662
4663
4664
46653
4665
46664
4666
4667
4668
4669
466
4670
4671
46723
4672
4673
4674
4675
4676
46772
4677
4678
4679
467
46803
4680
4681
4682
46839
4683
4684
46850
46855
4685
46865
4686
4688
4689
468
46901
4690
46919
4691
4692
4693
46948
4694
46959
4695
46965
46967
4696
46970
46972
46974
46976
4697
4698
4699
469
46
4700
4701
4702
4703
47044
47047
47049
4704
4705
4706
4707
4708
47099
4709
470
4710
47117
4711
47122
47124
4712
4713
47148
4714
4715
4716
4717
4718
4719
471
47200
47202
4720
4721
4722
4723
4724
47254
4725
47261
47264
4726
47274
4727
4728
4729
472
47306
4731
4732
47330
4733
4734
4735
4736
4737
47382
47384
4738
47394
4739
473
4740
4741
47423
4742
4743
47446
4744
4745
47465
4746
4747
4748
47493
4749
474
4750
47516
47518
4751
4752
4753
4754
4755
4756
4757
4758
4759
475
47601
4760
47610
47615
4761
47629
4762
47634
4763
47640
47642
47644
47646
4764
4765
4766
4767
4768
4769
476
4770
4771
47721
47723
47725
47728
4772
4773
4774
4775
4776
47778
4777
4778
47793
4779
477
47805
4780
47810
47815
4781
4782
47830
47836
4783
4784
4785
4786
4787
4788
47894
4789
478
47907
4790
4791
4792
47937
4793
47940
4794
47950
47952
47956
4795
4796
47970
47976
47978
4797
4798
47997
47999
4799
479
47
4800
4801
4802
48032
4803
48043
4804
4805
48061
4806
4807
48082
4808
4809
480
4811
48123
4812
4813
48142
4814
48150
48159
4815
48161
4816
4817
4818
48198
4819
481
4820
48214
4821
4822
48231
4823
4824
4825
48262
4826
4827
4828
4829
482
48301
48304
4830
48319
4831
48322
48326
4832
4833
48342
4834
4835
4836
4837
48385
4838
48394
4839
483
4840
48412
48414
48416
4841
4842
4843
4844
4845
4846
4847
4848
4849
484
4850
48516
48518
4851
48520
48522
4852
4853
4854
4855
48560
48567
4856
4857
48584
4858
48591
48593
48596
48598
4859
485
48600
4860
4861
4862
4863
48649
4864
4865
4866
48678
4867
48682
4868
48696
48698
4869
486
4870
48711
4871
4872
48738
4873
48741
48744
4874
4875
4876
48774
4877
48780
48783
4878
48791
4879
487
4880
4881
4882
4883
4884
48856
4885
4886
48872
48877
48879
4887
48883
4888
4889
488
48909
4890
4891
4892
4893
48943
4894
4895
4896
4897
48982
4898
48997
4899
489
48
49007
4900
49013
4901
4902
49037
4903
4904
4905
4906
4907
4908
4909
490
4910
49110
4911
4912
49130
49132
4913
4914
4915
4916
4917
4918
4919
491
49200
49205
4920
4921
49220
4922
4923
4924
4925
49263
49265
4926
49272
49274
49278
4927
49280
49282
49284
49286
4928
4929
492
4930
49312
49314
4931
4932
4933
49347
4934
49355
4935
4936
4937
4938
49396
4939
493
4940
4941
49422
4942
4943
4944
4945
4946
4947
4948
4949
494
4950
4951
49524
49526
49528
4952
49530
4953
4954
4955
4956
49571
4957
4958
4959
495
4960
4961
4962
4963
49642
49644
49647
49649
4964
49651
4965
49666
4966
4967
49688
4968
4969
496
4970
4971
4972
4973
4974
4975
4976
49772
4977
4978
49793
4979
497
4980
49817
4981
49822
49824
4982
4984
49856
4985
4986
4987
4988
4989
498
4990
49910
4991
4992
49932
4993
4994
49957
4995
49961
4996
4997
4998
4999
499
49
4
50003
50005
5000
50011
5001
5002
5003
5004
5005
50064
50066
50068
5006
5007
5008
5009
500
5010
5011
5012
5013
50147
5014
50151
50153
50158
5015
50160
50162
5016
5017
50189
5018
5019
501
5020
5021
50229
5022
5023
5024
50253
50259
5025
5026
50274
5027
5028
5029
502
5030
5031
5032
5033
50347
5034
50354
5035
5036
5038
5039
503
5040
5041
5042
5043
50440
50442
50445
50447
5044
5045
5046
50477
5047
5048
5049
504
5050
50514
5051
5052
5053
5054
5055
5056
5057
50583
5058
50594
5059
505
50601
5060
50619
5061
5062
5064
50658
5065
5066
5067
50685
5068
5069
506
5071
5072
5073
5074
5075
5076
5077
5078
50792
50794
50796
50798
5079
507
50800
50802
50804
50806
5080
5081
5082
5083
50842
5084
50851
50858
5085
5086
50872
5087
5088
50898
5089
508
5090
50912
5091
50923
5092
5093
50949
5094
5095
5096
50970
5097
5098
5099
509
50
51007
5100
51014
5101
5102
51037
5103
5104
5105
5106
51077
5107
51080
51082
51084
51086
51088
5108
51091
51094
5109
510
5110
5111
51127
5112
5113
5114
5115
5116
51174
5117
5118
5119
511
51209
5120
5122
5123
5124
51255
5125
5126
51277
5127
5128
5129
512
51304
5130
51314
5131
5132
5133
5134
5135
5136
51372
5137
5138
5139
513
5140
51412
51418
5141
5143
5144
5145
5146
51471
5147
5148
51498
5149
514
5150
5151
5152
5153
51540
5154
5155
51562
5156
51575
5157
5158
5159
515
5160
5161
5162
51638
5163
5164
5165
51660
51662
51666
51678
5167
5168
51694
51698
5169
516
51705
51709
5170
5171
5172
5174
5175
5176
5177
5178
5179
517
5181
5182
51834
5183
5184
51857
5185
5186
5187
51884
5188
5189
518
51903
5190
51925
51927
5192
51931
51933
51935
51937
51939
5193
5194
5195
5196
5197
5198
51991
519
51
52005
52016
5201
5202
52037
5203
52042
5204
5205
5206
5207
5208
5209
520
52101
5210
5211
5212
5213
5214
5215
5216
5217
5218
5219
521
5220
5221
52227
5222
5223
52241
52245
5224
5225
5226
52279
5227
52281
52283
52285
52287
5228
5229
522
5230
5231
52321
52328
5232
5233
5234
5235
5236
52375
5237
5238
5239
523
5240
52413
5241
5242
52435
5243
52448
5244
52456
52458
5245
52460
52462
5246
5247
5248
5249
524
5250
5251
5253
52545
5254
5255
52561
5256
52579
5257
5258
52591
5259
525
52604
52606
5260
5261
5262
5263
52644
5264
5265
52666
52668
5266
5267
5268
52694
5269
526
5270
52712
52715
52717
5271
52722
52724
5272
5273
5274
5275
52767
5276
5277
5278
5279
527
5280
5281
5282
52838
5283
5284
5285
52865
52867
5286
5287
52885
5288
5289
528
5290
5291
52929
5292
5293
5294
52950
52952
5295
52967
5296
52973
52975
5297
5298
5299
529
52
53000
53002
53004
5300
5301
5302
53038
5303
5304
5305
5306
5307
5308
5309
530
5310
5311
53121
53123
53125
53127
53129
5312
53131
53133
5313
53143
5314
5315
53161
5316
5317
53189
5318
5319
531
53207
5320
5321
5322
5323
5324
5325
5326
5327
5328
5329
532
5330
53318
5331
53322
53326
5332
5333
53342
53349
5334
53355
5335
5336
5337
5338
5339
533
5340
5341
5342
53435
5343
53447
5344
53450
5345
53460
53464
53466
53468
5346
53476
5347
5348
5349
534
5350
53519
5351
5352
5353
5354
53550
5355
5356
53574
53578
5357
5358
5359
535
5360
5361
5362
5363
5364
5365
5366
5367
5368
5369
536
5370
5371
5372
53737
5373
5374
5375
53769
5376
5377
5378
5379
537
5380
5381
5382
53833
53835
5383
5384
5385
5386
5387
53883
53887
5388
53894
5389
538
5390
5391
53921
5392
5393
5394
53953
53956
5395
5396
53972
53974
5397
53988
5398
53993
53996
53999
5399
539
53
54001
54004
5400
5401
5403
5404
5406
54075
5407
5408
54094
5409
540
5410
54116
5412
5413
54144
5414
5415
5416
5417
5418
54190
54193
54196
54198
5419
541
5420
5421
5422
5423
5424
54256
54259
5425
54268
5426
54270
54272
54274
54276
54278
5427
54281
54284
54286
5428
54290
5429
542
5430
54318
5431
54328
5432
54331
5433
5434
5435
5436
54372
5437
5438
5439
543
5440
54419
5441
5442
5443
5444
5445
5446
5447
5448
5449
544
54503
54505
5450
54510
54513
5451
5452
5453
5454
5455
5456
5457
5458
5459
545
5460
54612
5461
54621
5462
5463
54648
5464
5465
5466
5467
54686
5468
54691
5469
546
5470
5471
5472
54732
54734
54736
54745
5474
5475
54768
5476
54771
54775
54778
5477
54780
54783
54785
54787
5478
54796
5479
547
5480
5481
5482
5483
5484
5485
5486
5487
54881
5488
5489
548
5490
54910
5491
5492
54934
5493
5494
54958
5495
54962
5496
54978
5497
5498
54995
54997
54999
5499
549
54
5500
5501
55020
5502
5503
5504
55052
5505
55063
55069
5506
55071
5507
55080
5508
55094
5509
550
55100
5510
55110
55116
55118
5511
5512
5514
55154
55156
55159
5515
5516
55176
55178
5517
5518
55190
5519
551
55205
5520
5521
5522
55232
5523
55241
55245
55247
5524
55250
55253
55255
55257
55259
5525
55261
55267
55269
5526
55272
55274
55276
55278
5527
55280
55282
55284
55286
55288
5528
55290
55292
5529
552
5530
5531
55324
5532
5533
5534
5535
55363
5536
5537
5538
55391
5539
553
55402
5540
55417
55419
5541
5542
5543
55440
55442
55444
5544
55451
5545
5546
5547
5548
55492
55498
5549
554
55507
5550
55517
5551
5552
5553
5554
55553
55555
5555
55566
5556
55577
5557
5558
5559
555
55603
5560
5561
55620
5562
5563
5564
5565
55668
5566
5567
55687
5568
5569
556
5570
55721
55726
55729
5572
55732
5573
5574
5575
55765
55768
5576
5577
5579
55805
5580
55814
5581
55820
5582
55830
5583
55844
5584
55851
55854
5585
5586
55872
5587
5588
55895
5589
558
55901
55908
5590
5591
55926
5592
5593
55946
55955
5595
5596
5597
5598
55995
55999
5599
559
55
56001
56003
5600
56015
5601
56028
5602
56030
5603
5604
5605
56060
56067
5606
5607
5608
5609
560
5610
5611
5612
5613
56141
56145
5614
56152
56156
56158
5615
56165
56167
56169
5616
56171
56174
56176
5617
5618
5619
561
5620
5621
5622
5623
5624
56251
56253
5625
5626
56274
5627
56286
5628
5629
562
5630
5631
5632
56333
56339
5633
5634
5635
56367
5636
5637
56389
5638
5639
563
5640
5641
5642
5643
5644
5645
5646
5647
5648
5649
564
56508
5650
56511
5651
5652
5653
5654
5655
56563
5656
5657
56587
5658
5659
565
56607
5660
5661
5662
56633
5663
5664
5665
5666
56671
5667
5668
5669
566
56700
5670
56715
56719
5671
5672
5673
56744
56748
5674
56757
5675
5676
56775
5677
56782
56788
5678
5679
567
56801
56805
5680
5681
5682
5683
5684
5685
5686
5687
56885
5688
5689
568
56908
5690
56915
5691
56921
5692
5693
56941
56945
56949
5694
5695
5696
5697
5698
5699
569
5700
5701
5702
5703
5704
5705
5706
5707
5708
5709
570
5710
5711
5712
5713
57147
5715
5716
5718
5719
571
5721
57223
5722
5723
57243
5724
5726
57274
5727
5728
572
5730
5731
57326
5732
5733
5734
57353
57357
5735
57368
5736
57370
5737
5738
5739
573
57401
5740
5741
5742
5743
5744
5745
57464
5746
57473
57476
57478
5747
57484
57499
5749
574
57504
57509
5750
5751
57520
57522
57526
57528
5752
57530
57532
57534
57536
57538
5753
5754
57550
5755
5756
5757
5758
5759
575
5760
5761
5762
5763
57640
5764
57655
5765
57669
5766
5767
5768
57690
5769
576
5770
5771
5772
5773
5774
5775
5776
5777
5778
57792
5779
577
5780
57811
5781
5782
57845
57848
5784
5785
57865
5786
5787
5788
5789
5790
57910
5791
5792
5793
57949
5794
57951
5795
57964
5796
5797
5799
579
57
5801
58025
58029
5802
5803
58047
5804
58059
5805
5806
58078
5807
58084
5808
5809
580
58103
58105
58107
5810
5811
5812
5813
58146
58154
58156
5815
58162
5816
5817
58185
5818
58191
5819
581
5820
5821
5822
5823
58246
5824
5825
5826
5827
5828
58291
58293
58295
58297
58299
5829
582
58301
58303
58306
5830
58315
5831
5832
58332
58334
5833
58347
5834
58351
5835
58367
5836
5837
58381
5838
5839
583
5840
58418
5841
5842
58439
5843
5844
5845
5846
5847
5848
58490
58492
58494
5849
5850
5851
58520
5852
5853
5854
58559
5855
58564
5857
5858
58595
5859
585
5860
5861
58622
58627
5862
5863
5864
58652
58655
5865
5867
5868
5869
586
58706
5870
5872
5873
5874
5875
5876
58783
5878
5879
587
58803
58806
58808
5880
5881
5882
58839
5883
5884
5885
5886
58876
58879
5887
5888
58898
5889
588
5890
5891
5892
5893
5894
5895
58964
5896
58972
58975
5897
5898
58998
5899
589
58
59000
5900
59014
59016
59018
5901
59022
59026
5902
59037
5903
59044
5904
59065
5906
5907
5909
590
59103
59105
59107
5910
59118
5911
59126
59129
5912
5913
59141
59143
5914
59154
59157
5915
59173
5917
5918
5919
5920
5921
5922
5923
5924
59256
59258
5925
5926
5927
5928
59290
5929
592
59306
5930
59313
59315
5931
5932
59333
59336
59339
5933
5935
59362
59369
5936
5937
59382
59387
5938
59392
5939
593
59404
5940
59418
5941
59421
5942
5943
59440
5944
5945
5946
59478
5947
5948
5949
594
59501
5950
59519
5951
5952
5953
5954
5955
5956
5957
5958
59590
59594
5959
595
59604
59607
5960
59615
5961
59625
5962
5963
5964
59655
5965
5966
5967
59680
59684
5968
5969
596
59709
5970
59715
5971
59721
59725
59727
59729
59731
59738
5973
5974
5975
5976
5977
59784
5978
59795
5979
597
59810
59816
5981
5982
59832
59834
5983
59840
5984
59854
59858
5985
5986
5987
5988
5989
598
59900
59908
5990
59910
59912
59915
5991
5992
5993
5994
5995
5996
5997
59985
5998
59995
5999
599
59
5
6000
6001
6002
60037
6003
60040
60044
60046
6004
6005
60069
6006
60072
60074
6007
6008
6009
600
6010
6011
60126
6012
60133
60135
60137
6013
60141
60147
6014
6015
60161
6016
6017
60189
6018
6019
601
60201
6020
6021
6022
60237
6023
6024
6025
6026
6027
60284
60286
60289
6028
60291
60293
60295
6029
602
60309
6030
6031
60322
6032
60333
60336
6033
60341
6034
6035
60363
6036
6037
60389
6038
60391
60393
60397
6039
603
60405
6040
60411
60418
6041
60421
6042
6043
6044
6045
6046
60471
60475
6047
60484
60487
6048
60494
6049
604
60503
6050
60514
60516
6051
60522
60524
60526
6052
60530
6053
6054
6055
60566
6056
6057
6058
60590
6059
605
6060
60618
6061
6062
6063
60647
60649
6064
60654
60666
60674
6067
60688
6068
6069
606
6070
6071
60728
6072
60735
6073
60745
6074
60753
60756
60758
6075
60760
60763
60766
60768
6076
6077
6078
6079
6080
6081
6082
60832
6083
6084
6085
6086
6087
60880
6088
60894
608
6090
6091
6092
60937
60939
6093
60941
60946
60948
6094
60950
6095
6096
6097
60983
60990
6099
609
60
6100
61011
6101
61024
6102
61037
6103
61048
6104
6105
6106
61071
61073
61075
6107
6108
6109
610
6110
6111
61123
6112
61132
6113
6114
6115
61160
61167
6116
6117
6118
6119
611
6120
61210
6121
6122
61236
6123
61240
61246
61248
6124
61250
61253
61255
61257
6125
61262
61264
61267
61269
6126
6127
61289
6128
6129
612
6130
61312
6131
61323
6132
6133
61348
6134
61350
61352
61354
61357
6135
61361
6136
6137
6138
61394
6139
613
61401
6140
61414
6141
6142
61434
6143
6144
6145
61465
61467
6146
61470
61473
61475
6147
6148
6149
614
6150
6151
6152
6153
6154
6155
6156
6157
61586
6158
6159
615
6160
61628
6162
61634
61638
6163
61646
6164
6165
6166
61678
6167
6168
61692
61695
61697
6169
616
61705
61707
6170
6171
61724
61729
6173
61742
6174
6175
61768
6176
6177
6178
6179
617
6180
61816
61818
6181
6182
6183
6184
6185
61862
6186
6187
6188
6189
618
6190
61913
6191
6192
61931
61934
6193
61941
61948
6194
61950
6195
61961
61967
6196
61970
6197
61986
6198
61991
6199
619
61
62000
62008
6200
62010
6201
6202
6203
62049
6204
6205
6206
6207
62081
6208
6209
620
6210
62113
6211
6212
62137
6213
6214
62153
6215
6216
6217
6218
62198
6219
621
62203
6220
6221
6222
62235
62237
6223
62245
6224
62250
62254
6225
62265
6226
62277
6227
6228
62293
62299
6229
6230
6231
6232
62331
62334
62336
6233
6234
6235
6236
62374
62376
62378
6237
62383
62385
6238
62390
62394
6239
623
6240
6241
6242
62434
62437
62439
6243
6244
6245
6246
62474
6247
6248
6249
624
6250
62511
6251
62526
6252
6254
62553
6255
6256
62577
6257
62586
6258
6259
625
6260
6261
6262
6263
62644
6264
6265
62660
62662
62669
6266
62671
6267
6268
6269
626
6270
62718
6271
62721
62729
6272
62733
6273
6275
62764
6276
6277
62788
6278
62792
62796
62799
6279
627
62801
62803
6280
6281
6282
62836
6283
62847
62849
6284
62851
6285
6286
6287
6288
6289
628
6290
62912
62916
6291
62920
6292
6293
6294
62956
6295
6296
62970
6297
6298
62999
6299
629
62
6300
6301
6302
63033
6303
6304
6305
63062
63069
6306
6307
63082
6308
6309
630
63113
63119
6311
63121
6312
63131
6313
63141
6314
6315
6316
63179
6317
63187
63189
6318
63194
6319
631
6320
6321
63222
6322
63237
63239
6323
6324
6325
6326
63271
63273
63276
6327
63283
6328
6329
632
6330
63310
63312
6331
63327
63329
6332
63332
63339
6333
6334
6335
6336
6337
6338
63393
6339
633
6340
6341
6342
63433
63436
6343
63446
6344
63458
6345
63468
6346
63479
6347
63481
6348
6349
634
6350
63515
6351
6352
6353
63540
6354
6355
6356
6357
6358
635
63617
63645
63647
6365
63662
6366
63676
6367
63688
6368
63698
6369
636
6370
6371
6373
6374
6375
63760
63768
6376
63772
6377
63781
6378
63791
63793
6379
637
63808
6380
63810
6381
63826
63828
6382
63836
6383
63840
6384
63853
63859
6385
63862
6386
63876
6387
6388
638
6390
6391
6392
6393
6394
6395
6396
6397
63989
6398
639
63
6400
6401
6402
64030
64034
6403
6404
6405
6406
6407
6408
6409
640
6410
64114
64116
6411
6412
6413
6414
64153
6415
6416
6417
64197
6419
6420
6421
64229
6422
64231
6423
64243
64245
6424
6425
6426
64275
64278
64280
64283
64285
64288
6428
6429
642
6431
64321
64325
64327
6432
64338
6433
6434
6435
64365
64368
6436
6437
6438
6439
64408
6440
64410
64418
6442
6443
6445
6446
6447
6448
64497
64499
64501
64508
6450
64519
6451
6452
6453
6454
64550
6455
6456
6457
6458
6459
645
6460
64611
64614
6461
64620
64622
6462
6463
6464
64652
6465
6466
6467
6468
6469
64701
6470
64716
6471
6472
6473
6474
64750
64754
6475
6476
6477
6479
647
6480
6481
6482
64839
6483
6484
6485
6486
6487
6488
64895
64897
6489
648
64903
64906
6490
64918
6491
64921
64926
6492
64930
6493
64942
64944
6494
64957
64959
6495
64969
6496
64976
6497
64983
64986
64990
64993
64997
64999
6499
649
64
65001
65006
6500
65011
6501
65025
6502
65037
6503
6504
6505
6506
6507
65088
6508
65091
6509
650
6510
6511
65126
6512
65130
6513
6514
6515
6516
6517
6518
6519
651
6521
6522
6523
6524
6525
6526
6527
6528
652
6530
6531
6532
6533
6534
6535
6536
6537
6538
6539
653
6540
6541
6542
6543
6544
6545
6546
6547
6548
6549
6550
6551
6552
6553
6554
6555
6556
6557
6558
6559
655
6560
6561
6562
6563
6564
6565
6566
6567
6568
6569
656
6570
6571
6572
6573
6574
6575
6576
6577
6578
6579
657
6580
6581
6582
6583
6584
6585
6586
6587
6588
6589
658
6590
6591
6592
6593
6595
6596
6597
6598
6599
659
65
6600
6601
6602
6603
6604
6605
6606
6607
6608
6609
660
6610
6611
6612
6613
6614
6615
6616
6617
6618
6619
661
6620
6621
6622
6623
6624
6625
6626
6627
6628
6629
662
6630
6631
6632
6633
6634
6635
6636
6637
6638
6639
663
6640
6641
6642
6643
6644
6645
6646
6647
6648
6649
664
6650
6651
6652
6653
6654
6655
6656
6657
6658
6659
665
6660
6661
6662
6663
6664
6665
6666
6667
6668
6669
666
6670
6671
6672
6673
6674
6675
6676
6677
6678
6679
667
6680
6681
6682
6683
6684
6685
6686
6687
6689
668
6690
6691
6692
6693
6695
6696
6697
6699
66
6700
6701
6702
6703
6704
6705
6706
6707
6708
6709
670
6710
6711
6712
6713
6714
6715
6716
6717
6718
6719
671
6720
6721
6722
6723
6724
6725
6726
6727
6728
6729
672
6730
6731
6732
6734
6735
6736
6737
6738
6739
673
6740
6741
6742
6743
6744
6745
6746
6747
6748
6749
674
6750
6751
6752
6753
6754
6755
6756
6757
6758
6759
675
6760
6761
6762
6763
6764
6765
6766
6767
6768
6769
676
6770
6771
6772
6773
6774
6775
6776
6777
6778
6779
6780
6781
6783
6784
6785
6786
6787
6788
6789
678
6790
6791
6792
6793
6794
6795
6796
6797
6798
6799
679
67
6800
6801
6802
6803
6804
6805
6806
6807
6808
6809
680
6810
6811
6812
6813
6814
6815
6816
6817
6818
6819
681
6820
6821
6822
6823
6824
6825
6827
6828
6829
682
6830
6831
6832
6833
6834
6835
6836
6837
6838
6839
683
6840
6841
6843
6844
6845
6846
6847
6848
6849
684
6850
6851
6852
6853
6854
6855
6856
6857
6858
6859
685
6860
6861
6862
6863
6864
6865
6866
6867
6868
6869
6870
6871
6872
6873
6874
6875
6876
6877
6878
6879
687
6880
6881
6882
6883
6884
6885
6886
6887
6888
6889
688
6890
6891
6892
6893
6894
6895
6896
6897
6898
6899
68
6900
6901
6902
6903
6906
6907
6908
6909
690
6910
6911
6912
6913
6914
6915
6916
6917
6918
6919
691
6920
6921
6923
6924
6925
6926
6927
6928
6929
692
6930
6931
6932
6933
6934
6935
6936
6937
6938
6939
693
6940
6942
6943
6944
6945
6946
6947
6948
6949
694
6950
6951
6952
6953
6954
6956
6957
6958
6959
695
6960
6961
6962
6963
6964
6965
6966
6967
6968
6969
696
6970
6971
6972
6973
6974
6975
6976
6977
6978
6979
697
6980
6981
6982
6983
6984
6985
6986
6987
6989
698
6990
6991
6992
6993
6994
6995
6996
6997
6998
6999
699
69
6
7000
7001
7002
7003
7004
7005
7006
7007
7008
7009
700
7010
7011
7012
7013
7014
7015
7016
7017
7018
7019
7020
7021
7022
7023
7024
7025
7026
7027
7028
7029
702
7030
7031
7032
7033
7034
7035
7036
7037
7038
7039
703
7040
7041
7042
7043
7044
7045
7046
7047
7048
7049
704
7050
7051
7052
7054
7055
7056
7057
7058
7059
705
7060
7061
7062
7063
7064
7065
7067
7068
7069
706
7070
7071
7072
7073
7074
7075
7076
7078
7079
707
7080
7081
7082
7083
7084
7085
7086
7087
7088
7089
708
7090
7091
7092
7093
7094
7095
7096
7097
7098
7099
709
70
7100
7101
7102
7103
7104
7105
7106
7107
7108
710
7110
7111
7112
7113
7114
7115
7116
7117
7118
7119
711
7120
7121
7122
7123
7124
7125
7126
7127
7129
712
7130
7131
7132
7133
7134
7135
7136
7137
7138
7139
713
7140
7141
7142
7143
7144
7146
7147
7148
7149
714
7150
7151
7152
7153
7154
7155
7156
7157
7158
7159
715
7160
7161
7162
7163
7164
7165
7166
7167
7168
7169
716
7170
7172
7173
7174
7175
7176
7177
7178
7179
717
7180
7181
7182
7185
7186
7187
7188
7189
718
7190
7191
7192
7193
7194
7195
7196
7197
7198
7199
719
71
7200
7201
7202
7203
7204
7205
7206
7207
7208
7209
720
7210
7211
7212
7213
7214
7215
7216
7217
7218
7219
721
7220
7221
7222
7223
7224
7225
7226
7227
7228
7229
722
7231
7232
7233
7234
7235
7236
7237
7238
7239
723
7240
7241
7242
7243
7244
7245
7246
7247
7248
7249
724
7250
7251
7252
7253
7254
7255
7256
7257
7258
7259
725
7260
7261
7262
7263
7264
7265
7266
7267
7268
7269
726
7270
7271
7272
7273
7274
7275
7276
7277
7278
7279
727
7280
7281
7282
7283
7284
7285
7286
7287
7289
728
7291
7292
7293
7294
7295
7296
7297
7298
7299
729
72
7300
7302
7303
7304
7305
7306
7307
7308
7309
730
7310
7311
7312
7313
7314
7315
7316
7317
7318
7319
731
7320
7321
7322
7323
7324
7325
7326
7327
7328
7329
732
7330
7331
7332
7333
7334
7335
7336
7337
7338
7339
733
7340
7341
7342
7343
7344
7345
7346
7347
7348
7349
734
7350
7351
7352
7353
7354
7356
7357
7358
7359
735
7360
7361
7362
7363
7364
7365
7366
7367
7368
7369
736
7370
7371
7372
7373
7374
7375
7376
7377
7378
7379
737
7380
7381
7382
7383
7384
7385
7386
7387
7388
7389
738
7390
7391
7392
7393
7394
7395
7396
7397
7398
7399
739
73
7400
7401
7402
7403
7404
7405
7407
7408
7409
7410
7411
7412
7413
7414
7415
7416
7417
7418
7419
741
7420
742
7437
7438
7439
743
7440
7441
7442
7443
7444
7445
7446
7448
7449
744
7450
7451
7452
7453
7454
7455
7456
7457
7458
7459
745
7460
7461
746
7474
7477
7478
7479
747
7480
7481
7482
7483
7484
7485
7486
7487
7488
7489
748
7490
7491
7492
7493
749
74
750
751
7521
7523
752
7537
753
7541
754
755
7560
7561
7562
7563
7564
7565
7566
7567
7568
7569
756
7570
7571
7572
7573
7574
7577
7578
7579
7580
7581
7582
7583
7584
7585
7586
7587
759
75
760
7613
7614
7615
7616
7617
7618
7619
761
7620
7621
7622
7623
7624
7625
7626
7627
762
7636
7637
7638
7639
763
7644
7645
7646
7647
7648
7649
764
7650
765
766
7675
767
768
7697
7698
7699
769
76
7700
7701
7702
7703
7704
7705
7706
7707
7708
770
7713
7714
7716
7719
771
7720
7723
7724
7725
7726
7727
7728
772
7730
7738
7739
773
7742
7743
7745
7748
7749
774
7751
7752
7753
7754
7756
7757
7758
7759
775
7761
7762
7763
7764
7765
7766
7767
7768
7769
776
7770
7771
7772
7773
7774
7775
777
7781
7782
7783
7784
7785
7786
7787
7789
778
7790
7791
7792
779
77
7802
7808
7809
780
7810
7811
7812
7813
7814
7815
7816
7817
7818
781
7820
7821
7822
7823
7824
7825
7826
7827
7828
782
7831
7832
7833
7834
7835
7836
7837
7838
7839
783
7840
7841
7842
7843
7844
7845
7846
7847
784
785
786
7872
7878
7881
7882
7883
7884
7885
7886
7887
7888
7889
788
7890
7891
7892
7893
7894
7895
7897
7898
7899
789
78
7900
7901
7912
7913
7914
7915
7916
7917
7918
7919
7920
7921
7922
7923
7924
7925
7926
7928
792
7930
7931
7932
7933
7934
7935
7936
7937
7938
7939
7940
7941
7942
7943
7944
7945
7946
7947
7948
7949
794
7950
7951
7952
7953
7954
7958
7959
795
796
7976
7979
797
7980
7981
7982
7983
7984
7985
7986
7987
7988
7989
798
7990
7991
7992
7993
7994
7995
799
79
7
8003
8004
8007
8008
8009
800
8010
8011
8012
8013
8014
8015
8016
8017
8019
801
8024
8025
802
8033
8035
8037
8038
8039
803
8040
8041
8042
8043
8044
8045
804
8056
8057
805
8062
8063
8068
8069
806
807
808
8092
8093
8094
809
80
810
8117
8118
8119
8120
8121
8122
8123
8124
8125
8126
8127
8128
812
8130
8131
8132
8133
8134
8136
8138
8139
813
8140
8141
8142
8143
8147
8148
8149
814
8153
8154
8157
8158
815
8167
8168
8169
816
8183
8187
8188
8189
818
8190
8191
8194
8195
8196
8197
8198
8199
819
81
8201
8203
8206
8207
8208
820
821
8220
8221
8222
8224
8225
8227
8228
8232
8235
8236
8237
8238
8239
823
8240
8241
824
8252
8253
8254
8255
8256
8257
8258
8259
825
8260
8261
8262
8263
8264
8265
8266
8267
8268
8269
826
8270
8272
8273
8275
827
828
8290
8291
8292
8293
8295
829
82
8302
830
831
8327
8329
832
8330
8331
8332
8334
8335
8336
8337
8338
833
8340
8341
834
835
8360
8361
8362
8363
8364
8365
8366
8367
8368
8369
836
8370
8371
8372
8373
8374
8375
8376
8377
8378
8379
837
8380
8381
8382
8383
8384
8385
8387
8388
838
8391
8392
8393
8394
8395
8397
8398
8399
839
83
8400
8401
8402
8404
8405
8407
840
8410
8411
841
8421
8422
8423
8424
8425
8426
8427
842
8446
8447
844
8450
8451
8452
8453
8454
8455
8456
8457
8458
8459
845
8461
8462
8463
8464
8465
846
8477
8478
847
8480
8481
8482
8483
8485
8486
8487
8488
848
8491
8492
8493
8494
8495
8496
8499
849
84
8501
8503
8504
8505
8506
8507
850
8511
8512
8516
8518
8519
851
8520
8521
8522
8524
8525
8526
8527
8528
8529
852
8530
8531
8532
8533
8534
8535
8536
8537
853
8540
8541
8542
8543
8544
8545
854
855
856
8571
8572
8573
8575
8576
8577
8578
8579
8580
8581
8582
8583
8584
8585
8586
8587
8588
8589
858
8591
8592
8593
8594
8595
8596
8597
8598
8599
859
85
8600
8601
8602
8603
8604
8605
8607
8608
860
8610
8611
8612
8613
8614
8615
8616
8617
8618
8619
861
8620
8621
8622
8623
8624
8626
8627
8628
8629
862
8630
8631
8632
8633
8634
8635
8636
8637
8638
8639
8640
8641
8642
8643
8644
8645
8646
8647
8648
8649
864
8650
8651
8652
8653
8654
8655
8656
8657
8658
865
8660
8661
8662
8663
8664
8665
8666
8667
8668
8669
866
8670
8671
8672
8673
8674
8675
8676
8677
8678
8679
867
8680
8681
8682
8683
8684
8685
8687
8688
8689
868
8690
8691
8692
8693
8694
8695
8696
8697
8698
8699
869
86
8700
8701
8702
8703
8704
8705
8706
8708
8709
870
8710
8711
8712
8713
8714
8715
8716
8717
8718
8719
871
8720
8721
8722
8723
8724
8726
8727
8728
8729
8730
8731
8732
8733
8734
8735
8736
8737
8738
8739
873
8740
8741
8742
8743
8744
8745
8746
8747
8748
8749
874
8750
8751
8752
8753
8754
8755
8756
8757
8758
8759
875
8760
8761
8762
8764
8765
8766
8767
8768
8769
876
8770
8771
8772
8773
8774
8775
8776
8777
8778
8779
877
8780
8781
8782
8783
8784
8786
8787
8788
8789
878
8790
8791
8792
8793
8794
8795
8796
8797
8798
8799
879
87
8800
8801
8802
8803
8804
8805
8806
8807
8808
8809
880
8810
8811
8812
8813
8814
8815
8816
8817
8818
8819
881
8820
8821
8822
8823
8825
8826
8827
8828
8829
882
8830
8831
8832
8833
8834
8835
8836
8837
8838
8839
8840
8842
8843
8844
8846
8847
8849
884
8850
8851
8852
8853
8854
8855
8856
8857
8858
8859
885
8860
8861
8862
8864
8865
8866
8867
8868
8869
886
8870
8871
8872
8873
8874
8875
8876
8877
8878
8879
887
8880
8881
8882
8884
8885
8886
8887
8888
8889
888
8890
8891
8893
8894
8895
8896
8897
8898
8899
88
8900
8901
8902
8903
8904
8905
8906
8907
8908
8909
8910
8911
8912
8913
8914
8915
8916
8917
8918
8919
891
8920
8921
8922
8923
8924
8925
8926
8927
8928
8929
892
8930
8931
8932
8933
8934
8935
8936
8937
8938
8939
893
8940
8941
8942
8943
8944
8945
8946
8947
8948
8949
894
8950
8951
8952
8954
8955
8956
8957
8958
8959
895
8960
8961
8962
8963
8964
8965
8966
8967
8968
8969
896
8970
8971
8972
8973
8974
8975
8976
8977
8978
8979
897
8980
8981
8982
8983
8984
8985
8986
8988
8989
898
8990
8991
8992
8993
8994
8995
8996
8997
8998
8999
899
89
8
9000
9001
9002
9003
9004
9005
9006
9007
9008
9009
900
9010
9011
9012
9013
9015
9016
9017
9018
9019
901
902
903
904
905
906
907
908
909
90
910
911
912
913
914
915
916
917
918
919
920
921
922
923
924
925
926
927
928
929
92
930
931
932
933
934
935
936
937
938
93
940
941
942
943
944
945
946
947
948
949
94
950
951
952
953
954
955
956
957
958
959
95
960
961
962
963
964
965
966
967
968
969
96
970
971
972
973
974
975
976
977
979
97
980
981
982
983
984
985
986
987
988
989
98
990
991
992
993
994
996
997
998
999
99
9
